Processes count: 2 
4874
4788
4923
4912
4912
4769
4923
5062
4952
4938
4914
4916
4878
5002
5472
4903
5034
4886
4883
4943
4839
5016
5025
4895
4812
4919
4834
4941
4883
4791
4931
4913
4870
5055
5118
5126
5314
5415
5188
5268
5333
5137
5202
5070
4986
4980
4946
5051
4965
5005
Processes count: 3 
2855
2979
2908
2893
2807
2948
2966
2908
2889
2815
2882
2852
2852
2934
2958
2912
2833
2874
2901
2865
2892
2973
2974
2848
2867
2880
2912
2950
3085
2953
2963
2941
2861
3060
2915
2929
2890
2853
2876
2843
2975
2856
2805
2934
2879
2928
2903
2801
2925
2965
Processes count: 4 
2579
2652
2545
2592
2553
2598
2572
2553
2573
2539
2613
2556
2596
2597
2552
2644
2630
2551
2580
2566
2586
2640
2532
2653
2621
2599
2598
2554
2608
2596
2574
2555
2574
2641
2630
2656
2608
2649
2593
2612
2547
2620
2514
2554
2609
2709
2560
2587
2616
2604
Processes count: 5 
2360
2340
2326
2343
2315
2348
2340
2308
2321
2332
2326
2345
2337
2339
2346
2334
2362
2349
2361
2340
2337
2338
2365
2333
2354
2352
2311
2343
2339
2341
2323
2340
2360
2334
2344
2331
2338
2349
2338
2335
2331
2348
2441
2431
2341
2359
2323
2340
2348
2337
Processes count: 6 
2702
2731
2352
2737
2421
2397
2769
2809
2690
2728
2751
2624
2741
2798
2655
2723
2774
2741
2696
2757
2686
2644
2708
2622
2364
2751
2712
2752
2385
2680
2722
2716
2629
2613
2700
2367
2716
2664
2813
2702
2799
2422
2711
2747
2681
2719
2389
2753
2531
2628
Processes count: 7 
2709
2431
2422
2416
2548
2408
2432
2465
2473
2468
2693
2435
2458
2592
2454
2402
2448
2441
2426
2483
2487
2410
2612
2643
2492
2438
2516
2444
2440
2687
2405
2800
2440
2531
2444
2651
2722
2664
2413
2469
2420
2431
2540
2384
2427
2440
2440
2441
2532
2688
Processes count: 8 
2612
2644
2727
2594
2675
2483
2612
2581
2447
2607
2619
2576
2725
2619
2962
2584
2522
2591
2597
2606
2692
2606
2480
2621
2552
2546
2835
2625
2803
2517
2609
2672
2692
2714
2733
2562
2592
2747
2656
2587
2531
2611
2620
2637
2593
2550
2617
2613
2663
2720
Processes count: 9 
2969
3051
3028
3013
3020
2997
3026
2974
2910
2952
3008
2979
2989
2929
2988
2944
2969
2966
2935
2986
2934
3000
2973
2942
2985
2924
3014
2961
2987
2933
2980
2950
3009
3065
3035
2926
3034
2970
3007
3024
3014
2982
2931
2989
3000
2962
2926
3058
3010
2925
