Threads count: 1 
5004
4919
4961
4943
4993
4959
4949
4948
4980
4981
4945
4931
4924
4903
4888
4931
4905
4875
4885
4936
4976
4949
5015
4974
4976
5225
5301
5006
5242
5248
5188
5162
4929
4902
4941
4957
4967
4926
4992
4857
4951
4931
4973
5043
4960
4969
4910
4997
4967
4921
Threads count: 2 
2618
2582
2585
2571
2584
2582
2614
2878
2716
2693
2727
2675
2793
2870
2604
2779
2621
2563
2610
2602
2619
2559
2566
2713
2738
2624
2614
2621
2582
2590
2530
2624
2595
2612
2591
2606
2600
2574
2682
2588
2586
2584
2596
2628
2599
2502
2598
2543
2631
2601
Threads count: 3 
2052
2117
2115
2045
2098
2150
2123
2066
2047
2152
2036
2046
2079
2051
2115
2073
2070
2135
2155
2085
2138
2061
2123
2132
2093
2157
2085
2147
2129
2059
2119
2085
2097
2079
2075
2075
2116
2134
2189
2154
2190
2152
2172
2185
2089
2080
2081
2090
2136
2054
Threads count: 4 
1853
1844
1859
1835
1845
1851
1846
1837
1852
1854
1851
1847
1838
1847
1854
1840
1848
1894
2039
1971
1877
1927
1955
1900
1962
1862
1883
1919
1979
1890
1948
2082
1974
1945
1905
1939
1980
2003
1984
1912
2048
1965
1892
1880
1872
1938
1914
1932
1906
2030
Threads count: 5 
1905
2062
1992
1876
1907
1990
1841
1919
1870
1890
1888
1859
1836
1844
1885
1881
1853
1850
1835
1830
1859
1862
1862
1869
1837
1857
1856
1848
1844
1872
1848
1846
1876
1847
1841
1854
1887
1880
1847
1882
1848
1859
1890
1857
1841
1875
1871
1858
1877
1873
Threads count: 6 
1856
1828
1855
1840
1847
1856
1848
1845
1872
1844
1837
1841
1850
1875
1846
1859
1879
1855
1872
1861
1856
1851
1855
1893
1845
1863
1842
1855
1842
1840
1886
1853
1855
1842
1855
1853
1845
1842
1869
1834
1856
1839
1890
1847
1860
1851
1866
1845
1851
1878
Threads count: 7 
1874
1869
1841
1853
1834
1839
1826
1841
1858
1860
1874
1846
1866
1844
1851
1852
1844
1844
1858
1862
1840
1864
1850
1862
1842
1835
1849
1868
1852
1860
1869
1829
1868
1839
1872
1847
1837
1834
1830
1853
1843
1858
1839
1850
1848
1848
1844
1843
1837
1850
Threads count: 8 
1847
1850
1841
1828
1851
1884
1841
1830
1878
1842
1891
1871
1839
1858
1831
1839
1870
1849
1868
1861
1867
1836
1870
1865
1848
1843
1851
1832
1854
1858
1840
1843
1831
1829
1842
1861
1841
1849
1872
1854
1840
1865
1853
1865
1833
1855
1840
1846
1846
1853
